%% SD
SD = 720*480
30 * SD * 3 * 60^2 * 2 %bytes

%% HD
HD = 1920*1080
30 * HD * 3 * 60^2 * 2 %bytes

%% 4K
UHD4k = 3840*2160
30 * UHD4k * 3 * 60^2 * 2 %bytes

%% 8K
UHD8k = 7680*4320
30 * UHD8k * 3 * 60^2 * 2 %bytes